80
1
16843009
1077952576
1
16843009
1077952576
1
16843009
1077952576
1
16843009
1077952576
1
16843009
1077952576
1
16843009
1077952576
1
16843009
1077952576
1
16843009
1077952576
1
16843009
1077952576
1
16843009
1077952576
1
16843009
1077952576
1
16843009
1077952576
1
7113612
100
2
1000
1000
1
16843009
1077952576
1
16843009
1077952576
1
16843009
1077952576
1
16843009
1077952576
1
4201231
100
2
1000
1000
1
7113756
100
2
1000
1000
1
4201507
100
2
1000
1000
2
1000
1000
2
1000
1000
1
4422177
100
2
1000
1000
2
1000
1000
2
1000
1000
1
4512464
100
2
1000
1000
2
1059
1000
2
1000
1000
1
4916455
100
2
1000
1000
1
1852400075
100
1
6845131
100
5
